(title "Static Pressure")
(labels "Position" "Static Pressure")

((xy/key/label "lower_wall")
0.147083	5701.97
0.137278	5683.2
0.127472	5657.41
0.117667	5633.01
0.107861	5616.85
0.0980556	5609.13
0.08825	5601.95
0.0784444	5587.93
0.0686389	5580.04
0.0588333	5592.51
0.0490278	5603.78
0.0392222	5581.5
0.0294167	5500.58
0.0196111	5338.87
0.00980556	5076.73
0	3773.62
-0.01	2717.87
-0.02	2786.97
-0.03	2772.36
-0.04	2779.59
-0.05	2777.73
-0.06	2778.36
-0.07	2778.57
-0.08	2778.84
-0.09	2779.04
-0.1	2779.23
-0.11	2779.49
-0.12	2779.78
-0.13	2780.09
-0.14	2780.43
-0.15	2780.77
-0.16	2781.15
-0.17	2781.57
-0.18	2782.06
-0.19	2782.62
-0.2	2783.08
-0.21	2783.5
-0.22	2784.01
-0.23	2784.63
-0.24	2785.38
-0.25	2786.11
-0.26	2786.88
-0.27	2787.82
-0.28	2788.9
-0.29	2789.88
-0.3	2790.89
-0.31	2792.2
-0.32	2793.28
-0.33	2794.04
-0.34	2795.04
-0.35	2796.67
-0.36	2799.29
-0.37	2803.94
-0.38	2810.36
-0.39	2817.82
-0.4	2827.06
-0.41	2841.05
-0.42	2865.98
-0.43	2908.88
-0.44	2957.62
-0.45	2979.56
1	13261.8
0.99	14482.2
0.98	15738.5
0.97	16719.7
0.96	17322.9
0.95	17730
0.94	17956.5
0.93	17965.1
0.92	17758.1
0.91	17370.4
0.9	16835.8
0.89	16232.9
0.88	15607.3
0.87	14963.7
0.86	14318.3
0.85	13689.4
0.84	13089.9
0.83	12496.3
0.82	11874.4
0.81	11191.6
0.8	10396.9
0.79	9522.4
0.78	8692.45
0.77	8060.93
0.76	7624.14
0.75	6968.54
0.74	5321.5
0.73	4310.69
0.72	7941.08
0.71059	11446.6
0.70118	11467.4
0.691769	11452.1
0.682359	11433.4
0.672949	11438.3
0.663538	11440.4
0.654128	11450
0.644718	11468.1
0.635308	11494.6
0.625897	11524.6
0.616487	11548.3
0.607077	11551.8
0.597667	11533.4
0.588256	11502.4
0.578846	11470.4
0.569436	11444.9
0.560026	11435.3
0.550615	11440.3
0.541205	11450.8
0.531795	11457.5
0.522385	11453.2
0.512974	11442.9
0.503564	11431.1
0.494154	11428.2
0.484744	11437.6
0.475333	11454.3
0.465923	11460.6
0.456513	11443.6
0.447103	11408.4
0.437692	11373.3
0.428282	11355.8
0.418872	11329.8
0.409462	11256.8
0.400051	11183
0.390641	11150.7
0.381231	11064.5
0.371821	10830.5
0.36241	10573.1
0.353	8124.46
0.343194	5775.07
0.333389	5690.32
0.323583	5651.76
0.313778	5653.8
0.303972	5647.77
0.294167	5651.97
0.284361	5662.44
0.274556	5677.01
0.26475	5690.61
0.254944	5695.44
0.245139	5689.98
0.235333	5677.08
0.225528	5657.86
0.215722	5635.21
0.205917	5624.14
0.196111	5630.68
0.186306	5647.72
0.1765	5672.32
0.166694	5698.48
0.156889	5709.99
0.147083	5701.97
)
