 Baricentro:   2.96666646       2.53333306    
 Area:   4.06999922    
